25 250000000 1 500
166 2 494
0 1 10 101 102 103 104 105 106 107 108 109 110 111 112 113 114 115 116 117 118 119 120 121 122 123 124 125 126 128 129 13 130 131 132 133 134 135 136 137 138 139 14 140 141 142 144 145 146 147 148 149 15 150 151 152 153 154 155 157 158 16 160 161 163 164 165 166 167 168 169 17 170 171 172 173 174 175 176 177 178 179 18 180 19 2 20 21 22 24 25 26 27 28 29 3 30 31 33 34 36 37 38 39 40 42 43 44 45 46 47 48 49 5 50 51 52 53 54 56 58 59 6 60 61 62 63 64 65 66 67 68 69 7 70 71 72 73 74 75 76 77 78 79 8 80 81 82 83 84 85 86 87 88 89 9 90 91 92 93 94 95 96 97 98 99
0 0 0 0 0 0 0 0 0 0 0 1 0 0 0 0 0 0 0 0 0 0 0 0 0 0 0 0 0 0 0 0 0 0 0 0 0 0 0 0 0 0 0 0 0 0 0 0 0 0 0 0 0 0 0 0 0 0 0 0 1 0 0 0 0 0 0 0 0 0 0 0 0 0 0 0 0 0 0 0 0 0 0 0 0 0 0 0 0 0 0 0 0 0 0 0 0 0 0 0 0 0 0 0 0 0 0 0 0 0 0 0 0 0 0 0 0 0 0 0 0 0 0 0 0 0 0 0 0 0 0 0 0 0 0 0 0 0 0 0 0 0 0 0 0 0 0 0 0 0 0 0 0 0 0 0 0 0 0 0 0 0 0 0 0 0
0 0 0 0 0 0 0 0 0 0 0 0 0 0 0 0 0 0 0 0 0 0 0 0 0 0 0 0 0 0 0 0 0 0 0 0 0 0 0 0 0 0 0 0 0 0 0 0 0 0 0 0 0 0 0 0 0 0 0 0 0 0 0 0 0 0 0 0 0 0 0 0 0 0 0 0 0 0 0 0 0 0 0 0 0 0 0 0 0 0 0 0 0 0 0 0 0 0 0 0 0 0 0 0 0 0 0 0 0 0 0 0 0 0 0 0 0 0 0 0 0 0 0 0 0 0 0 0 0 0 1 0 0 0 0 0 0 0 0 0 0 0 0 0 0 0 0 0 0 0 0 0 0 0 0 0 0 0 0 0 0 0 0 0 0 0
0 1
0 1 19
0 1 130
0 1 111
0 1 112
1 0 102
1 0 83
1 0 1
1 1 70
2 0 146
2 0 10
2 0 14
2 0 166
2 0 27
2 1 111
2 1 94
2 1 91
3 1 78
3 1 97
5 0 37
5 0 106
5 0 154
5 1 146
6 0 30
6 0 141
6 0 94
6 1 131
6 1 125
6 1 89
6 1 31
7 0 123
7 0 24
8 0 120
8 0 65
8 1 5
8 1 138
8 1 33
8 1 64
9 0 170
9 0 116
9 0 149
9 1 80
9 1 99
10 0 38
10 0 142
10 0 129
10 1 92
10 1 79
10 1 26
10 1 61
13 0 167
13 0 6
13 1 167
14 0 134
14 1 105
14 1 173
15 0 173
15 0 31
16 0 37
16 0 94
16 1 29
16 1 82
17 0 68
17 1 105
18 1 66
19 1 75
20 0 53
20 0 76
20 1 117
21 0 120
21 0 51
21 1 77
22 0 19
22 1 168
22 1 73
24 1 172
25 0 70
25 1 123
26 0 86
27 0 54
27 1 46
27 1 20
28 0 121
28 1 45
28 1 8
29 0 152
29 1 60
29 1 6
30 0 141
30 0 175
30 1 33
30 1 45
31 0 112
31 1 65
33 0 163
33 1 145
33 1 165
33 1 142
34 0 136
34 1 118
36 1 62
36 1 124
37 0 14
37 0 116
37 0 106
38 0 104
38 1 44
38 1 173
39 0 131
39 0 141
39 1 173
39 1 1
40 1 72
42 0 149
42 1 138
42 1 171
43 0 84
43 0 2
43 1 29
43 1 177
44 0 130
44 1 161
44 1 53
45 0 144
45 0 78
45 1 21
45 1 137
46 0 105
46 1 83
47 0 59
47 0 122
47 0 22
47 0 123
47 1 74
47 1 141
48 0 76
48 1 42
49 0 165
49 1 90
49 1 77
50 0 163
50 0 47
50 0 16
50 0 126
50 0 21
51 0 21
51 1 84
51 1 123
51 1 94
52 0 128
52 0 17
53 1 71
53 1 92
53 1 128
54 0 5
54 0 25
54 0 109
54 1 52
56 0 62
56 0 169
56 1 43
56 1 90
58 1 31
58 1 78
58 1 85
59 0 111
60 0 132
60 1 118
61 0 64
62 0 37
62 0 77
62 1 33
62 1 75
63 0 175
63 1 63
64 1 48
64 1 39
65 0 179
65 1 0
66 0 130
67 1 46
67 1 160
68 0 163
68 0 70
68 1 50
68 1 96
69 0 136
69 1 122
70 0 83
70 1 155
71 0 167
71 1 146
71 1 149
71 1 22
71 1 10
72 0 132
72 1 108
72 1 9
72 1 81
72 1 1
72 1 70
73 0 111
73 0 129
73 1 36
73 1 46
73 1 142
74 1 44
75 0 170
75 1 13
75 1 40
76 0 111
76 1 81
76 1 0
77 0 164
77 0 39
77 1 69
78 1 5
78 1 16
78 1 167
79 0 46
79 0 177
80 0 75
81 1 163
82 0 9
82 0 120
82 1 97
83 1 135
84 0 50
84 0 96
84 0 177
84 0 101
84 1 114
84 1 169
85 1 84
85 1 18
86 0 31
86 0 63
86 1 47
87 0 37
87 0 139
87 0 177
87 1 109
88 1 105
88 1 31
89 1 99
90 1 140
90 1 134
91 0 99
91 1 34
92 0 151
93 0 173
93 0 69
93 1 37
93 1 2
94 0 78
94 0 77
94 1 74
94 1 103
94 1 135
95 0 81
95 0 96
96 0 113
97 0 43
97 0 103
97 0 136
97 1 126
97 1 132
98 1 170
98 1 139
98 1 112
99 0 15
99 0 27
99 0 101
101 0 97
101 1 118
102 0 59
102 0 52
102 1 45
102 1 6
103 1 158
103 1 78
104 1 154
105 1 34
106 0 3
106 0 14
106 1 128
107 1 132
108 0 89
108 1 131
108 1 148
108 1 172
109 0 119
110 0 93
111 0 106
111 0 140
111 1 9
111 1 147
112 0 21
112 0 31
112 0 177
112 0 135
112 1 145
112 1 122
113 0 40
113 1 67
114 1 177
115 0 138
115 0 88
115 0 120
115 1 25
116 0 81
116 0 65
116 1 131
116 1 56
116 1 174
117 0 133
117 1 135
118 0 120
118 0 179
118 1 97
118 1 47
118 1 14
118 1 13
118 1 157
118 1 109
119 0 21
119 1 148
120 0 9
120 0 13
121 0 16
121 1 46
121 1 58
121 1 94
122 0 150
122 1 44
122 1 53
123 1 173
123 1 141
124 0 170
124 1 147
124 1 8
125 0 130
125 0 176
125 0 87
125 0 169
125 1 180
126 1 42
126 1 33
126 1 157
128 0 83
128 1 126
129 0 133
130 0 178
130 0 26
130 0 155
131 0 44
132 0 29
132 0 110
132 1 138
132 1 7
133 0 80
133 0 122
133 0 30
133 1 38
133 1 163
133 1 115
134 0 22
134 1 158
134 1 140
135 0 20
135 0 1
135 1 160
135 1 166
135 1 98
136 0 91
136 1 79
136 1 61
136 1 88
137 0 103
137 1 105
137 1 80
137 1 171
137 1 132
138 0 170
138 0 148
138 0 113
138 0 73
138 0 110
139 0 90
139 0 61
140 0 78
141 1 102
141 1 47
141 1 177
142 0 51
142 1 74
142 1 124
142 1 128
144 0 95
144 0 54
145 0 5
145 0 108
145 1 103
146 1 153
146 1 73
147 0 123
148 0 71
148 0 98
148 1 123
148 1 26
149 0 94
149 1 67
149 1 161
149 1 71
149 1 97
150 0 60
150 1 128
151 0 71
151 0 104
152 0 74
152 0 47
152 0 82
152 1 118
152 1 51
153 0 161
153 0 33
153 1 29
154 1 102
154 1 128
154 1 28
154 1 99
155 0 63
157 0 19
157 0 34
157 0 28
157 1 96
157 1 13
157 1 114
158 0 64
158 1 59
158 1 98
160 0 175
160 1 146
160 1 129
160 1 155
161 0 19
163 0 82
163 1 103
163 1 0
163 1 39
164 1 154
164 1 49
164 1 85
164 1 112
165 1 135
166 0 29
167 1 158
167 1 117
167 1 157
167 1 53
168 1 17
169 0 161
169 0 134
170 0 170
170 0 172
170 0 61
170 1 80
170 1 144
171 0 108
172 0 101
172 1 47
173 1 60
174 0 107
174 0 101
174 1 14
174 1 119
174 1 85
175 0 73
175 1 147
175 1 42
176 0 138
176 0 22
176 1 20
176 1 110
177 0 135
178 0 122
178 1 22
179 0 105
179 0 70
179 1 163
179 1 26
180 0 154
180 0 89
180 0 68
180 1 168
